2000	-9.2015
2002.22469	-9.14782
2004.44939	-9.0938
2006.67408	-9.03944
2008.89878	-8.98475
2011.12347	-8.92971
2013.34816	-8.87432
2015.57286	-8.81858
2017.79755	-8.76249
2020.02225	-8.70605
2022.24694	-8.64925
2024.47164	-8.59209
2026.69633	-8.53457
2028.92102	-8.47668
2031.14572	-8.41842
2033.37041	-8.35979
2035.59511	-8.30078
2037.8198	-8.2414
2040.04449	-8.18163
2042.26919	-8.12148
2044.49388	-8.06094
2046.71858	-8.00002
2048.94327	-7.93869
2051.16796	-7.87698
2053.39266	-7.81486
2055.61735	-7.75233
2057.84205	-7.6894
2060.06674	-7.62606
2062.29143	-7.56231
2064.51613	-7.49814
2066.74082	-7.43355
2068.96552	-7.36854
2071.19021	-7.30309
2073.41491	-7.23722
2075.6396	-7.17091
2077.86429	-7.10417
2080.08899	-7.03698
2082.31368	-6.96935
2084.53838	-6.90127
2086.76307	-6.83273
2088.98776	-6.76374
2091.21246	-6.69429
2093.43715	-6.62437
2095.66185	-6.55399
2097.88654	-6.48313
2100.11123	-6.4118
2102.33593	-6.33998
2104.56062	-6.26769
2106.78532	-6.1949
2109.01001	-6.12162
2111.23471	-6.04785
2113.4594	-5.97357
2115.68409	-5.89879
2117.90879	-5.8235
2120.13348	-5.74769
2122.35818	-5.67137
2124.58287	-5.59453
2126.80756	-5.51716
2129.03226	-5.43925
2131.25695	-5.36081
2133.48165	-5.28183
2135.70634	-5.20231
2137.93103	-5.12223
2140.15573	-5.0416
2142.38042	-4.96041
2144.60512	-4.87866
2146.82981	-4.79634
2149.05451	-4.71344
2151.2792	-4.62997
2153.50389	-4.54591
2155.72859	-4.46126
2157.95328	-4.37602
2160.17798	-4.29018
2162.40267	-4.20373
2164.62736	-4.11668
2166.85206	-4.02901
2169.07675	-3.94071
2171.30145	-3.8518
2173.52614	-3.76225
2175.75083	-3.67206
2177.97553	-3.58124
2180.20022	-3.48976
2182.42492	-3.39763
2184.64961	-3.30485
2186.8743	-3.21139
2189.099	-3.11727
2191.32369	-3.02247
2193.54839	-2.92698
2195.77308	-2.83081
2197.99778	-2.73394
2200.22247	-2.63638
2202.44716	-2.5381
2204.67186	-2.43911
2206.89655	-2.3394
2209.12125	-2.23897
2211.34594	-2.1378
2213.57063	-2.03589
2215.79533	-1.93324
2218.02002	-1.82984
2220.24472	-1.72567
2222.46941	-1.62074
2224.6941	-1.51504
2226.9188	-1.40856
2229.14349	-1.3013
2231.36819	-1.19324
2233.59288	-1.08438
2235.81758	-0.97471
2238.04227	-0.86423
2240.26696	-0.75292
2242.49166	-0.64079
2244.71635	-0.52782
2246.94105	-0.414
2249.16574	-0.29934
2251.39043	-0.18381
2253.61513	-0.06742
2255.83982	0.04984
2258.06452	0.16799
2260.28921	0.28703
2262.5139	0.40697
2264.7386	0.52782
2266.96329	0.64957
2269.18799	0.77226
2271.41268	0.89587
2273.63737	1.02042
2275.86207	1.14592
2278.08676	1.27238
2280.31146	1.3998
2282.53615	1.52819
2284.76085	1.65757
2286.98554	1.78794
2289.21023	1.9193
2291.43493	2.05168
2293.65962	2.18508
2295.88432	2.3195
2298.10901	2.45496
2300.3337	2.59146
2302.5584	2.72902
2304.78309	2.86764
2307.00779	3.00734
2309.23248	3.14812
2311.45717	3.28999
2313.68187	3.43297
2315.90656	3.57706
2318.13126	3.72227
2320.35595	3.86861
2322.58065	4.0161
2324.80534	4.16474
2327.03003	4.31455
2329.25473	4.46552
2331.47942	4.61769
2333.70412	4.77104
2335.92881	4.9256
2338.1535	5.08138
2340.3782	5.23839
2342.60289	5.39663
2344.82759	5.55612
2347.05228	5.71687
2349.27697	5.87889
2351.50167	6.04219
2353.72636	6.20679
2355.95106	6.37269
2358.17575	6.5399
2360.40044	6.70844
2362.62514	6.87832
2364.84983	7.04956
2367.07453	7.22215
2369.29922	7.39612
2371.52392	7.57148
2373.74861	7.74823
2375.9733	7.92639
2378.198	8.10598
2380.42269	8.287
2382.64739	8.46946
2384.87208	8.65339
2387.09677	8.83879
2389.32147	9.02567
2391.54616	9.21405
2393.77086	9.40394
2395.99555	9.59535
2398.22024	9.7883
2400.44494	9.98279
2402.66963	10.17885
2404.89433	10.37647
2407.11902	10.57569
2409.34372	10.77651
2411.56841	10.97893
2413.7931	11.18299
2416.0178	11.38869
2418.24249	11.59603
2420.46719	11.80505
2422.69188	12.01575
2424.91657	12.22813
2427.14127	12.44223
2429.36596	12.65805
2431.59066	12.8756
2433.81535	13.0949
2436.04004	13.31596
2438.26474	13.53879
2440.48943	13.76342
2442.71413	13.98985
2444.93882	14.21809
2447.16352	14.44817
2449.38821	14.68009
2451.6129	14.91387
2453.8376	15.14952
2456.06229	15.38705
2458.28699	15.62649
2460.51168	15.86784
2462.73637	16.11111
2464.96107	16.35633
2467.18576	16.6035
2469.41046	16.85264
2471.63515	17.10377
2473.85984	17.35689
2476.08454	17.61201
2478.30923	17.86917
2480.53393	18.12835
2482.75862	18.38959
2484.98331	18.6529
2487.20801	18.91827
2489.4327	19.18574
2491.6574	19.45532
2493.88209	19.727
2496.10679	20.00082
2498.33148	20.27678
2500.55617	20.5549
2502.78087	20.83518
2505.00556	21.11764
2507.23026	21.40229
2509.45495	21.68915
2511.67964	21.97822
2513.90434	22.26952
2516.12903	22.56306
2518.35373	22.85884
2520.57842	23.1569
2522.80311	23.45722
2525.02781	23.75983
2527.2525	24.06473
2529.4772	24.37193
2531.70189	24.68145
2533.92659	24.99329
2536.15128	25.30746
2538.37597	25.62398
2540.60067	25.94285
2542.82536	26.26407
2545.05006	26.58767
2547.27475	26.91364
2549.49944	27.24199
2551.72414	27.57273
2553.94883	27.90586
2556.17353	28.2414
2558.39822	28.57935
2560.62291	28.91971
2562.84761	29.26248
2565.0723	29.60768
2567.297	29.9553
2569.52169	30.30535
2571.74638	30.65784
2573.97108	31.01276
2576.19577	31.37011
2578.42047	31.7299
2580.64516	32.09212
2582.86986	32.45679
2585.09455	32.82389
2587.31924	33.19342
2589.54394	33.56538
2591.76863	33.93978
2593.99333	34.3166
2596.21802	34.69584
2598.44271	35.07749
2600.66741	35.46156
2602.8921	35.84803
2605.1168	36.23689
2607.34149	36.62814
2609.56618	37.02177
2611.79088	37.41777
2614.01557	37.81612
2616.24027	38.21681
2618.46496	38.61984
2620.68966	39.02518
2622.91435	39.43283
2625.13904	39.84276
2627.36374	40.25496
2629.58843	40.66941
2631.81313	41.08609
2634.03782	41.50499
2636.26251	41.92607
2638.48721	42.34932
2640.7119	42.77471
2642.9366	43.20222
2645.16129	43.63183
2647.38598	44.06349
2649.61068	44.4972
2651.83537	44.9329
2654.06007	45.37059
2656.28476	45.81021
2658.50945	46.25175
2660.73415	46.69515
2662.95884	47.1404
2665.18354	47.58744
2667.40823	48.03625
2669.63293	48.48677
2671.85762	48.93897
2674.08231	49.39281
2676.30701	49.84823
2678.5317	50.3052
2680.7564	50.76367
2682.98109	51.22358
2685.20578	51.68489
2687.43048	52.14755
2689.65517	52.6115
2691.87987	53.07668
2694.10456	53.54305
2696.32925	54.01055
2698.55395	54.47911
2700.77864	54.94868
2703.00334	55.41919
2705.22803	55.89059
2707.45273	56.3628
2709.67742	56.83577
2711.90211	57.30943
2714.12681	57.78371
2716.3515	58.25853
2718.5762	58.73384
2720.80089	59.20956
2723.02558	59.68562
2725.25028	60.16194
2727.47497	60.63845
2729.69967	61.11507
2731.92436	61.59173
2734.14905	62.06836
2736.37375	62.54486
2738.59844	63.02118
2740.82314	63.49721
2743.04783	63.97289
2745.27253	64.44814
2747.49722	64.92287
2749.72191	65.397
2751.94661	65.87045
2754.1713	66.34314
2756.396	66.81499
2758.62069	67.28591
2760.84538	67.75582
2763.07008	68.22464
2765.29477	68.69229
2767.51947	69.15869
2769.74416	69.62375
2771.96885	70.0874
2774.19355	70.54955
2776.41824	71.01012
2778.64294	71.46905
2780.86763	71.92624
2783.09232	72.38163
2785.31702	72.83513
2787.54171	73.28669
2789.76641	73.73621
2791.9911	74.18364
2794.2158	74.6289
2796.44049	75.07193
2798.66518	75.51266
2800.88988	75.95104
2803.11457	76.38699
2805.33927	76.82047
2807.56396	77.25141
2809.78865	77.67977
2812.01335	78.1055
2814.23804	78.52855
2816.46274	78.94888
2818.68743	79.36644
2820.91212	79.78121
2823.13682	80.19314
2825.36151	80.60222
2827.58621	81.00841
2829.8109	81.41169
2832.0356	81.81206
2834.26029	82.20949
2836.48498	82.60398
2838.70968	82.99553
2840.93437	83.38414
2843.15907	83.76981
2845.38376	84.15256
2847.60845	84.53241
2849.83315	84.90937
2852.05784	85.28348
2854.28254	85.65476
2856.50723	86.02326
2858.73192	86.38903
2860.95662	86.75211
2863.18131	87.11256
2865.40601	87.47044
2867.6307	87.82582
2869.85539	88.17878
2872.08009	88.5294
2874.30478	88.87777
2876.52948	89.22398
2878.75417	89.56813
2880.97887	89.91033
2883.20356	90.2507
2885.42825	90.58935
2887.65295	90.92642
2889.87764	91.26203
2892.10234	91.59634
2894.32703	91.92949
2896.55172	92.26164
2898.77642	92.59295
2901.00111	92.92358
2903.22581	93.25372
2905.4505	93.58355
2907.67519	93.91326
2909.89989	94.24305
2912.12458	94.57312
2914.34928	94.90368
2916.57397	95.23496
2918.79867	95.56717
2921.02336	95.90056
2923.24805	96.23536
2925.47275	96.57181
2927.69744	96.91017
2929.92214	97.2507
2932.14683	97.59366
2934.37152	97.93932
2936.59622	98.28797
2938.82091	98.63989
2941.04561	98.99537
2943.2703	99.35471
2945.49499	99.7182
2947.71969	100.08616
2949.94438	100.45891
2952.16908	100.83675
2954.39377	101.22002
2956.61846	101.60905
2958.84316	102.00417
2961.06785	102.40571
2963.29255	102.81403
2965.51724	103.22948
2967.74194	103.65239
2969.96663	104.08314
2972.19132	104.52207
2974.41602	104.96955
2976.64071	105.42595
2978.86541	105.89163
2981.0901	106.36695
2983.31479	106.8523
2985.53949	107.34803
2987.76418	107.85452
2989.98888	108.37214
2992.21357	108.90126
2994.43826	109.44226
2996.66296	109.99549
2998.88765	110.56132
3001.11235	111.14011
3003.33704	111.73222
3005.56174	112.338
3007.78643	112.95779
3008	113.01804
3010	113.58873
3010.01112	113.59194
3012	114.17129
3012.23582	114.24077
3014	114.76594
3014.46051	114.9046
3016	115.37292
3016.68521	115.58375
3018	115.99245
3018.9099	116.27851
3020	116.62474
3021.13459	116.98918
3022	117.26998
3023.35929	117.71601
3024	117.92838
3025.58398	118.45927
3026	118.60011
3027.80868	119.2192
3028	119.28534
3030	119.98423
3030.03337	119.99601
3032	120.69693
3032.25806	120.78991
3034	121.42356
3034.48276	121.60106
3036	122.16424
3036.70745	122.42961
3038	122.91905
3038.93215	123.2757
3040	123.68808
3041.15684	124.13942
3042	124.47138
3043.38154	125.02082
3044	125.26899
3045.60623	125.91994
3046	126.08092
3047.83092	126.83676
3048	126.90716
3050	127.74767
3050.05562	127.77125
3052	128.60239
3052.28031	128.72331
3054	129.47122
3054.50501	129.69281
3056	130.35403
3056.7297	130.67958
3058.95439	131.68338
3061.17909	132.70393
3063.40378	133.74088
3065.62848	134.79385
3067.85317	135.86237
3070.07786	136.94591
3072.30256	138.04387
3074.52725	139.1556
3076.75195	140.28033
3078.97664	141.41726
3081.20133	142.56548
3083.42603	143.724
3085.65072	144.89175
3087.87542	146.06756
3090.10011	147.25018
3092.32481	148.43827
3094.5495	149.63037
3096.77419	150.82496
3098.99889	152.02039
3101.22358	153.21494
3103.44828	154.40677
3105.67297	155.59397
3107.89766	156.7745
3110.12236	157.94627
3112.34705	159.10706
3114.57175	160.2546
3116.79644	161.38651
3118	161.9915
3119.02113	162.50035
3120	162.98408
3121.24583	163.59362
3122	163.95911
3123.47052	164.66372
3124	164.9147
3125.69522	165.70803
3126	165.84895
3127.91991	166.72388
3128	166.75989
3130	167.64555
3130.14461	167.70855
3132	168.50394
3132.3693	168.6593
3134	169.33307
3134.59399	169.57339
3136	170.13093
3136.81869	170.44805
3138	170.89553
3139.04338	171.28054
3140	171.62487
3141.26808	172.06815
3142	172.317
3143.49277	172.80819
3144	172.96998
3145.71746	173.49803
3146	173.58192
3147.94216	174.13512
3148	174.15096
3150	174.67531
3150.16685	174.71698
3152	175.15323
3152.39155	175.24122
3154	175.58308
3154.61624	175.70558
3156	175.96326
3156.84093	176.10792
3158	176.29229
3159.06563	176.44624
3160	176.56879
3161.29032	176.71868
3162	176.79146
3163.51502	176.92358
3164	176.95913
3165.73971	177.05942
3166	177.07074
3167.9644	177.12491
3168	177.12538
3170	177.12224
3170.1891	177.11893
3172	177.06065
3172.41379	177.04056
3174	176.9401
3174.63849	176.88913
3176	176.7602
3176.86318	176.66416
3178	176.52073
3179.08788	176.36541
3180	176.22158
3181.31257	175.99284
3182	175.86282
3183.53726	175.54666
3184	175.44465
3185.76196	175.0273
3186	174.96742
3187.98665	174.4354
3188	174.43163
3190	173.83791
3190.21135	173.77182
3192	173.18703
3192.43604	173.03763
3194	172.4799
3194.66073	172.2341
3196	171.71755
3196.88543	171.36271
3198	170.90113
3199.11012	170.42509
3200	170.0319
3201.33482	169.42307
3202	169.11125
3203.55951	168.35862
3204	168.14064
3205.7842	167.23387
3206	167.12165
3208	166.05592
3208.0089	166.05108
3210	164.94519
3210.23359	164.8126
3212	163.79124
3212.45829	163.52092
3214	162.59593
3214.68298	162.17861
3216	161.36116
3216.90768	160.78828
3218	160.08888
3219.13237	159.35264
3220	158.78105
3221.35706	157.87442
3222	157.43968
3223.58176	156.35639
3224	156.06678
3225.80645	154.80132
3226	154.66437
3228	153.23448
3228.03115	153.21201
3230	151.77912
3230.25584	151.59121
3232	150.30029
3232.48053	149.9417
3234.70523	148.26617
3236.92992	146.56733
3239.15462	144.84778
3241.37931	143.11011
3243.604	141.35681
3245.8287	139.59031
3248.05339	137.81295
3250.27809	136.02702
3252.50278	134.23468
3254.72747	132.43802
3256.95217	130.63905
3259.17686	128.83966
3261.40156	127.04167
3263.62625	125.24678
3265.85095	123.45661
3268.07564	121.67269
3270.30033	119.89644
3272.52503	118.1292
3274.74972	116.37221
3276.97442	114.62664
3279.19911	112.89354
3281.4238	111.17392
3283.6485	109.46868
3285.87319	107.77865
3288.09789	106.10458
3290.32258	104.44716
3292.54727	102.80701
3294.77197	101.18467
3296.99666	99.58064
3299.22136	97.99534
3301.44605	96.42915
3303.67075	94.88239
3305.89544	93.35534
3308.12013	91.84822
3310.34483	90.36121
3312.56952	88.89446
3314.79422	87.44806
3317.01891	86.02209
3319.2436	84.61659
3321.4683	83.23154
3323.69299	81.86694
3325.91769	80.52274
3328	79.28297
3328.14238	79.19884
3330	78.10889
3330.36707	77.89517
3332	76.95108
3332.59177	76.61161
3334	75.80944
3334.81646	75.34801
3336	74.68386
3337.04116	74.10423
3338	73.57423
3339.26585	72.8801
3340	72.48042
3341.49055	71.67544
3342	71.40229
3343.71524	70.49005
3344	70.33971
3345.93993	69.32374
3346	69.29251
3348	68.26056
3348.16463	68.17629
3350	67.24368
3350.38932	67.04747
3352	66.24171
3352.61402	65.93706
3354	65.25447
3354.83871	64.84481
3356	64.2818
3357.0634	63.77049
3358	63.32351
3359.2881	62.71385
3360	62.37942
3361.51279	61.67464
3363.73749	60.6526
3365.96218	59.64747
3368.18687	58.659
3370.41157	57.68692
3372.63626	56.73098
3374.86096	55.79091
3377.08565	54.86646
3379.31034	53.95735
3381.53504	53.06333
3383.75973	52.18414
3385.98443	51.31952
3388.20912	50.46922
3390.43382	49.63298
3392.65851	48.81056
3394.8832	48.00169
3397.1079	47.20615
3399.33259	46.42368
3401.55729	45.65404
3403.78198	44.89699
3406.00667	44.15231
3408.23137	43.41975
3410.45606	42.6991
3412.68076	41.99013
3414.90545	41.29262
3417.13014	40.60635
3419.35484	39.9311
3421.57953	39.26667
3423.80423	38.61286
3426.02892	37.96945
3428.25362	37.33625
3430.47831	36.71307
3432.703	36.0997
3434.9277	35.49597
3437.15239	34.90169
3439.37709	34.31667
3441.60178	33.74075
3443.82647	33.17373
3446.05117	32.61546
3448.27586	32.06577
3450.50056	31.52449
3452.72525	30.99146
3454.94994	30.46652
3457.17464	29.94951
3459.39933	29.4403
3461.62403	28.93872
3463.84872	28.44463
3466.07341	27.9579
3468.29811	27.47837
3470.5228	27.00592
3472.7475	26.54041
3474.97219	26.08171
3477.19689	25.62969
3479.42158	25.18423
3481.64627	24.7452
3483.87097	24.31248
3486.09566	23.88596
3488.32036	23.46552
3490.54505	23.05105
3492.76974	22.64244
3494.99444	22.23957
3497.21913	21.84235
3499.44383	21.45067
3501.66852	21.06443
3503.89321	20.68353
3506.11791	20.30787
3508.3426	19.93736
3510.5673	19.5719
3512.79199	19.21141
3515.01669	18.85579
3517.24138	18.50496
3519.46607	18.15884
3521.69077	17.81733
3523.91546	17.48036
3526.14016	17.14784
3528.36485	16.81971
3530.58954	16.49587
3532.81424	16.17627
3535.03893	15.86081
3537.26363	15.54944
3539.48832	15.24208
3541.71301	14.93866
3543.93771	14.63911
3546.1624	14.34337
3548.3871	14.05137
3550.61179	13.76306
3552.83648	13.47836
3555.06118	13.19721
3557.28587	12.91957
3559.51057	12.64536
3561.73526	12.37453
3563.95996	12.10702
3566.18465	11.84279
3568.40934	11.58177
3570.63404	11.32391
3572.85873	11.06916
3575.08343	10.81748
3577.30812	10.5688
3579.53281	10.32309
3581.75751	10.08029
3583.9822	9.84036
3586.2069	9.60325
3588.43159	9.36892
3590.65628	9.13731
3592.88098	8.9084
3595.10567	8.68214
3597.33037	8.45848
3599.55506	8.23739
3601.77976	8.01882
3604.00445	7.80273
3606.22914	7.5891
3608.45384	7.37787
3610.67853	7.16902
3612.90323	6.9625
3615.12792	6.75828
3617.35261	6.55633
3619.57731	6.35661
3621.802	6.15909
3624.0267	5.96373
3626.25139	5.77051
3628.47608	5.57939
3630.70078	5.39034
3632.92547	5.20332
3635.15017	5.01832
3637.37486	4.8353
3639.59956	4.65422
3641.82425	4.47507
3644.04894	4.29782
3646.27364	4.12243
3648.49833	3.94889
3650.72303	3.77715
3652.94772	3.60721
3655.17241	3.43903
3657.39711	3.27258
3659.6218	3.10785
3661.8465	2.94481
3664.07119	2.78344
3666.29588	2.62371
3668.52058	2.46559
3670.74527	2.30908
3672.96997	2.15414
3675.19466	2.00075
3677.41935	1.84889
3679.64405	1.69855
3681.86874	1.5497
3684.09344	1.40231
3686.31813	1.25638
3688.54283	1.11188
3690.76752	0.96879
3692.99221	0.82709
3695.21691	0.68677
3697.4416	0.5478
3699.6663	0.41018
3701.89099	0.27387
3704.11568	0.13886
3706.34038	0.00515
3708.56507	-0.1273
3710.78977	-0.2585
3713.01446	-0.38846
3715.23915	-0.51719
3717.46385	-0.64473
3719.68854	-0.77107
3721.91324	-0.89624
3724.13793	-1.02025
3726.36263	-1.14311
3728.58732	-1.26484
3730.81201	-1.38546
3733.03671	-1.50498
3735.2614	-1.6234
3737.4861	-1.74076
3739.71079	-1.85705
3741.93548	-1.97229
3744.16018	-2.08649
3746.38487	-2.19968
3748.60957	-2.31185
3750.83426	-2.42303
3753.05895	-2.53322
3755.28365	-2.64243
3757.50834	-2.75069
3759.73304	-2.85799
3761.95773	-2.96435
3764.18242	-3.06979
3766.40712	-3.17431
3768.63181	-3.27792
3770.85651	-3.38064
3773.0812	-3.48248
3775.3059	-3.58344
3777.53059	-3.68353
3779.75528	-3.78278
3781.97998	-3.88118
3784.20467	-3.97874
3786.42937	-4.07548
3788.65406	-4.17141
3790.87875	-4.26653
3793.10345	-4.36085
3795.32814	-4.45439
3797.55284	-4.54715
3799.77753	-4.63913
3802.00222	-4.73036
3804.22692	-4.82084
3806.45161	-4.91057
3808.67631	-4.99957
3810.901	-5.08784
3813.1257	-5.17539
3815.35039	-5.26224
3817.57508	-5.34837
3819.79978	-5.43382
3822.02447	-5.51857
3824.24917	-5.60265
3826.47386	-5.68605
3828.69855	-5.76879
3830.92325	-5.85087
3833.14794	-5.9323
3835.37264	-6.01308
3837.59733	-6.09323
3839.82202	-6.17275
3842.04672	-6.25164
3844.27141	-6.32992
3846.49611	-6.40759
3848.7208	-6.48465
3850.94549	-6.56112
3853.17019	-6.637
3855.39488	-6.71229
3857.61958	-6.787
3859.84427	-6.86114
3862.06897	-6.93472
3864.29366	-7.00773
3866.51835	-7.08019
3868.74305	-7.1521
3870.96774	-7.22347
3873.19244	-7.2943
3875.41713	-7.36459
3877.64182	-7.43436
3879.86652	-7.50361
3882.09121	-7.57234
3884.31591	-7.64056
3886.5406	-7.70828
3888.76529	-7.7755
3890.98999	-7.84221
3893.21468	-7.90844
3895.43938	-7.97419
3897.66407	-8.03945
3899.88877	-8.10424
3902.11346	-8.16855
3904.33815	-8.2324
3906.56285	-8.29579
3908.78754	-8.35871
3911.01224	-8.42119
3913.23693	-8.48322
3915.46162	-8.5448
3917.68632	-8.60594
3919.91101	-8.66665
3922.13571	-8.72693
3924.3604	-8.78678
3926.58509	-8.8462
3928.80979	-8.90521
3931.03448	-8.9638
3933.25918	-9.02198
3935.48387	-9.07975
3937.70857	-9.13712
3939.93326	-9.19409
3942.15795	-9.25067
3944.38265	-9.30685
3946.60734	-9.36265
3948.83204	-9.41806
3951.05673	-9.47308
3953.28142	-9.52774
3955.50612	-9.58201
3957.73081	-9.63592
3959.95551	-9.68946
3962.1802	-9.74264
3964.40489	-9.79545
3966.62959	-9.84791
3968.85428	-9.90002
3971.07898	-9.95177
3973.30367	-10.00318
3975.52836	-10.05424
3977.75306	-10.10496
3979.97775	-10.15535
3982.20245	-10.2054
3984.42714	-10.25512
3986.65184	-10.3045
3988.87653	-10.35357
3991.10122	-10.40231
3993.32592	-10.45073
3995.55061	-10.49883
3997.77531	-10.54662
4000	-10.59409